600002b7
00028293
02300213
00428023
680002b7
00128293
01200213
00428023
680002b7
00228293
08000213
00428023
680002b7
00028293
00700213
00428023
000103b7
fff38393
fe039ee3
680002b7
00128293
01200213
00428023
680002b7
00228293
00400213
00428023
680002b7
00028293
00700213
00428023
680002b7
00128293
01100213
00428023
680002b7
00228293
0c000213
00428023
680002b7
00028293
00700213
00428023
680002b7
00128293
04000213
00428023
680002b7
00228293
0d000213
00428023
680002b7
00700213
00428023
00028203
fe021ee3
200002b7
00128293
00100213
00428023
00128293
02900213
00428023
00128293
02a00213
00428023
00128293
02b00213
00428023
00128293
02c00213
00428023
00128293
00000213
00428023
00128293
00000213
00428023
00128293
00100213
00428023
00128293
0df00213
00428023
00128293
00000213
00428023
00128293
00000213
00428023
00128293
00100213
00428023
00128293
03f00213
00428023
00128293
03600213
00428023
00128293
02000213
00428023
200002b7
00100213
00428023
000113b7
fff38393
fe039ee3
400002b7
00828293
20000237
0042a023
400002b7
00028293
00100213
0042a023
00000063